Multi Layer Perceptron - Netzwerk Architektur
[[1.000 1.000 1.000 1.000 1.000]     
 [0.000 0.000 0.000 0.000 0.000]     
 [0.000 0.000 0.000 0.000 0.000]]    
----------v----------
[[-0.308 0.877 0.429]
 [0.199 -0.696 -0.694]
 [-0.875 0.739 0.217]]
----------v----------
[[1.000 1.000 1.000 1.000 -0.074]    
 [0.198 0.549 0.549 0.248 0.019]     
 [-0.875 0.294 0.294 0.208 0.018]]   
----------v----------
[[0.416 -0.959 0.940]
 [0.577 -0.617 -0.674]]
----------v----------
[[0.000 0.000 0.000 0.000 0.000]     
 [0.045 0.511 0.511 0.250 -0.128]]   
----------v----------
Predict:
[1.000 1.000 1.000] 0.0 -> [0.521]   
[1.000 0.000 1.000] 1.0 -> [0.528]   
[1.000 1.000 0.000] 1.0 -> [0.507]   
[1.000 0.000 0.000] 0.0 -> [0.510] 