[array([[ -1.86,  -4.91,   8.38,   2.4 ,  -5.81,  -3.01,   8.97,   0.12,
         -0.38,   5.35,   0.75,   7.93,   6.7 ,  -7.24,   4.26,  -3.77,
         -7.48],
       [  5.81,  -0.37,   8.68,   5.89,  -8.26,   1.72,  -0.81,  -0.02,
         -4.58,   2.16,   7.42,  -3.26,   0.9 ,  -4.86,   8.09,  -0.15,
          8.16],
       [ -2.33,   6.19,   9.71,   1.79,  -1.85,   4.85,  -9.2 , -12.25,
         12.14,  -2.88,   1.36,  -2.42,  11.24,   1.47,  -4.57,   0.71,
          0.14],
       [ -4.72,   5.62,   4.24,   0.19,  -7.01,   2.61,   4.56,  -0.87,
          8.64,  -2.88,   7.2 ,   8.5 ,   6.24,   4.72,  -4.28,   1.86,
         -4.35],
       [  7.82,  -2.89,  -2.96, -11.97,   0.31,  -4.  ,   1.19,  -4.29,
         -4.52,   0.93,  -9.61,   0.35,   9.87,   7.62,   5.64,  -0.49,
         11.21],
       [ -2.85,  -0.96,  -0.25,  -8.9 ,   1.52,   0.45, -10.4 ,  -2.38,
         -8.38,  -7.41,  -1.1 ,  -8.1 ,   1.47,   2.83,   2.12,   9.87,
          5.33],
       [ -2.44,   2.74,  -0.8 ,   2.75,  -2.07,  -0.08,  -7.03,   1.52,
          1.08,  -6.49,  -9.91,   2.21,  14.29,  -1.3 ,  -9.53,   1.92,
          3.13],
       [ -2.39,   3.66,  -3.84,  -7.94,  -5.68,   1.88,  -5.6 ,  -5.03,
          6.59,  -7.58,  -4.74, -13.92,  -6.68,   2.13,   4.67,   3.93,
          2.3 ],
       [  5.08,   5.35,   2.5 ,  -1.58,  -0.37,  12.93,  -0.88, -10.09,
          3.08,  -5.84,   1.33, -18.28,   2.02,  -3.62,  -4.07,   0.61,
          5.94],
       [ -0.56,   1.51,  -7.57,   7.24,   1.75,   1.26,  -7.51,   6.23,
         -1.76,   2.71,   0.57,  -4.67,   3.01,  -5.98,   6.65,  -2.47,
         -4.68],
       [ -1.17,   0.73,   6.44,  -2.51,  -1.38,  -0.25,  -6.2 , -10.68,
          4.63,   3.32,   2.84,  -2.91,   9.13,  -3.92,   0.65,  -0.09,
         -2.52],
       [  1.42,   5.24,  -6.57,   5.73,  -1.54,   0.08,  -6.94,  -5.91,
         -0.29,   6.76,   0.89,   7.03,   2.41,   2.93,  -2.2 ,  -4.63,
         -6.99],
       [  4.27,   1.6 ,   4.15,  -8.43, -10.76,  -5.47,   7.97,   6.32,
         -5.63,  -1.77,  -4.04,  -3.26,  -4.75,   0.98,   0.46,  -8.77,
          4.51]]), array([[  1.86,   1.13,   0.15,   7.4 ,  -1.55],
       [  1.63,   2.85,   0.43,   2.02,  -2.15],
       [ -2.3 ,   7.7 ,  -4.77,   2.75,  -3.28],
       [  3.76,   0.38,   6.93,   2.06,   9.97],
       [  3.32,   5.  ,  -3.5 ,   6.66,   2.63],
       [ -3.9 ,   2.03,  -1.46,   7.49,  -3.61],
       [  3.14,  -5.45,   1.86,  -1.94, -10.16],
       [  1.53,  -0.22,  15.47,   7.6 ,   4.6 ],
       [-12.05,  10.85,  -2.77,   7.21,  12.14],
       [  7.92,  -1.13,  -4.48,   5.06, -10.53],
       [ -8.58, -11.86,  -4.48,  -7.66,  -0.86],
       [  0.66,   4.28,   8.5 , -21.38,   3.77],
       [  2.27,  -8.29,  -8.77,  -4.76,  -3.35],
       [-14.49,  16.19,   5.76,   3.71,  -4.57],
       [  0.78,  -6.78,   4.58,   0.22,   6.09],
       [  5.05,   0.63,   3.8 ,   7.18,  -3.24],
       [ -4.6 ,  -1.2 ,   5.5 ,   7.18,  -1.94]])]