[array([[-7.23000000e+00, -8.04000000e+00,  1.08600000e+01,
         3.60000000e-01,  6.80000000e-01,  9.00000000e-02,
         6.00000000e+00, -1.15000000e+00, -6.82000000e+00,
        -2.18000000e+00,  4.18000000e+00,  1.42300000e+01,
         4.64000000e+00, -3.18000000e+00,  6.42000000e+00,
        -3.53000000e+00, -8.44000000e+00],
       [ 3.90000000e+00,  2.74000000e+00,  9.89000000e+00,
         3.14000000e+00, -4.42000000e+00,  8.00000000e-02,
        -3.17000000e+00, -1.90000000e-01, -4.10000000e+00,
         6.39000000e+00,  7.52000000e+00, -2.80000000e+00,
         5.42000000e+00, -9.22000000e+00,  5.51000000e+00,
         5.68000000e+00,  1.59000000e+00],
       [-6.47000000e+00, -1.09000000e+00,  8.51000000e+00,
        -2.55000000e+00, -7.15000000e+00,  6.51000000e+00,
        -7.29000000e+00, -1.10300000e+01,  1.14700000e+01,
         3.04000000e+00, -4.90000000e-01, -4.27000000e+00,
         3.62000000e+00, -9.60000000e-01, -6.90000000e+00,
        -2.60000000e+00, -5.40000000e+00],
       [-7.95000000e+00,  7.43000000e+00,  1.00200000e+01,
        -1.45000000e+00, -3.02000000e+00,  3.34000000e+00,
        -3.18000000e+00,  3.70000000e-01,  4.67000000e+00,
        -2.81000000e+00,  6.94000000e+00,  9.44000000e+00,
         8.61000000e+00,  4.97000000e+00, -3.21000000e+00,
         4.30000000e-01,  1.01000000e+00],
       [ 5.43000000e+00,  8.90000000e-01,  9.30000000e-01,
        -4.77000000e+00, -2.20000000e+00,  1.26000000e+00,
        -4.40000000e-01, -2.03000000e+00, -1.93000000e+00,
         4.80000000e+00, -9.40000000e+00, -7.68000000e+00,
         5.93000000e+00,  7.10000000e+00,  5.01000000e+00,
        -4.52000000e+00,  1.01700000e+01],
       [-5.00000000e-01,  2.05000000e+00,  4.20000000e-01,
        -7.59000000e+00,  6.00000000e-02, -5.29000000e+00,
        -8.25000000e+00, -4.81000000e+00, -1.00400000e+01,
        -2.16000000e+00,  3.90000000e+00, -5.43000000e+00,
        -5.71000000e+00,  6.50000000e-01,  3.89000000e+00,
         7.69000000e+00, -6.78000000e+00],
       [-2.55000000e+00,  5.45000000e+00,  1.51000000e+00,
         2.40000000e-01,  2.53000000e+00,  6.51000000e+00,
        -6.48000000e+00, -1.90000000e+00,  2.61000000e+00,
        -4.55000000e+00, -1.08300000e+01,  2.05000000e+00,
        -2.90000000e-01, -2.64000000e+00, -9.09000000e+00,
         4.18000000e+00,  2.30000000e-01],
       [-2.47000000e+00, -1.28000000e+00, -4.20000000e+00,
        -2.97000000e+00, -2.72000000e+00,  5.10000000e-01,
        -2.72000000e+00, -2.69000000e+00,  8.00000000e+00,
        -6.50000000e-01, -4.43000000e+00, -6.30000000e+00,
         2.77555756e-16,  4.93000000e+00,  8.92000000e+00,
        -4.69000000e+00, -2.70000000e-01],
       [ 1.16000000e+00, -2.94000000e+00,  3.83000000e+00,
        -4.39000000e+00, -7.99000000e+00,  1.19400000e+01,
        -6.09000000e+00, -9.51000000e+00,  1.24500000e+01,
         6.90000000e-01, -6.49000000e+00, -1.76800000e+01,
         2.17000000e+00, -5.56000000e+00,  5.06000000e+00,
         4.88000000e+00,  4.25000000e+00],
       [-1.88000000e+00,  4.95000000e+00, -7.16000000e+00,
         6.70000000e-01, -4.72000000e+00, -1.40000000e-01,
         8.20000000e-01,  7.21000000e+00,  6.75000000e+00,
         5.52000000e+00,  2.98000000e+00, -6.99000000e+00,
         2.68000000e+00, -2.63000000e+00,  6.85000000e+00,
         8.40000000e-01, -4.03000000e+00],
       [-3.44000000e+00,  1.34000000e+00,  2.18000000e+00,
        -4.10000000e-01,  7.70000000e-01, -5.84000000e+00,
        -9.46000000e+00, -4.74000000e+00,  9.40000000e+00,
         2.61000000e+00, -2.80000000e+00, -4.39000000e+00,
         6.83000000e+00, -1.93000000e+00, -3.83000000e+00,
        -3.78000000e+00,  5.67000000e+00],
       [ 2.53000000e+00,  8.80000000e+00, -1.04200000e+01,
         2.19000000e+00,  3.70000000e-01, -9.80000000e-01,
         8.40000000e-01, -6.81000000e+00,  2.08000000e+00,
         9.36000000e+00, -1.89000000e+00,  1.09000000e+00,
         3.92000000e+00,  3.78000000e+00, -5.19000000e+00,
        -5.11000000e+00, -6.54000000e+00],
       [ 1.92000000e+00,  4.18000000e+00,  2.83000000e+00,
        -1.33300000e+01, -1.15400000e+01, -4.00000000e-02,
         4.12000000e+00,  6.32000000e+00, -7.85000000e+00,
        -1.11000000e+00, -8.00000000e-01, -9.62000000e+00,
        -3.70000000e-01, -4.92000000e+00, -1.18000000e+00,
        -8.90000000e+00,  1.90000000e-01]]), array([[  3.25,   0.38,  -5.25,   6.44,  -3.03],
       [ -0.32,  -3.6 ,  -1.99,   1.13,  -1.85],
       [  6.23,  12.8 ,   1.81,   8.41,   0.08],
       [  4.96,   6.99,  12.71,   1.88,   9.91],
       [  7.35,   0.84,   2.65,   3.3 ,  10.75],
       [ -3.27,   4.03,  -2.7 ,   3.21,  -2.74],
       [ -2.01,  -4.33,  -0.74,  -1.19, -10.38],
       [  4.28,   2.12,  11.66,  -5.89,  -0.86],
       [ -8.45,   5.31,  -1.97,   7.04,   7.6 ],
       [  7.99,   1.23,   4.17,   8.7 ,  -4.37],
       [ -7.25,  -6.94,  -6.35,  -8.49,   5.94],
       [  4.23,  -1.63,   4.7 , -20.55,   2.6 ],
       [  1.65,  -2.09,   0.35,  -6.38,   1.62],
       [-13.14,  16.03,   4.72,  -1.85,  -2.93],
       [  8.4 ,  -4.75,   3.87,  -4.44,   6.2 ],
       [  2.25,   0.98,   3.38,   4.84,  -3.59],
       [ -7.48,  -7.54,  -1.83,   1.97,   1.22]])]